sin(54.6736) = -0.954071
sin(74.6146) = -0.705857
sin(82.9472) = 0.953834
sin(90.9633) = 0.142361
sin(9.43628) = -0.0115019
sin(41.5209) = -0.628926
sin(3.96684) = -0.734718
sin(21.1235) = 0.762841
sin(79.3063) = -0.693627
sin(56.5787) = 0.0300544
