sqrt(68.7778) = 8.29324
sqrt(49.0925) = 7.0066
sqrt(81.8773) = 9.04861
sqrt(10.0781) = 3.17461
sqrt(97.5502) = 9.87675
sqrt(23.3412) = 4.83127
sqrt(77.7252) = 8.81619
sqrt(79.0804) = 8.89271
sqrt(44.5228) = 6.67254
sqrt(70.1912) = 8.37802
